Download Speed: 474.11 Mbps
Upload Speed: 39.75 Mbps
Ping: 36.321 ms
ID: 803685

Latitude: 43.035227406923404, Longitude: -76.12395259324984
ID: 803685
