Download Speed: 474.11 Mbps
Upload Speed: 39.75 Mbps
Ping: 36.321 ms
ID: 803685

Latitude: 43.035227406923404, Longitude: -76.12395259324984
ID: 803685
Download Speed: 241.14 Mbps
Upload Speed: 126.93 Mbps
Ping: 3.54 ms
ID: 361821

Latitude: 43.037487935832424, Longitude: -76.13272648698376
ID: 361821
